800
799.934
799.893
799.708
799.408
799.237
799.21
799.201
799.169
799.07
799.042
799.042
749.047
749.042
749.042
729.168
729.049
729.042
729.042
729.042
729.042
699.222
699.193
699.121
699.042
679.042
659.048
659.042
659.042
650.042
650.042
650.042
650.042
650.042
650.042
649.088
649.042
636.042
636.042
630.043
630.042
624.042
620.042
620.042
620.042
616.042
614.042
609.049
606.042
599.05
599.048
599.047
599.046
599.044
599.042
599.042
599.042
599.042
599.042
594.245
594.076
574.042
565.052
565.052
565.051
565.05
564.042
564.042
550
549.042
545.053
545.052
545.051
545.05
545.049
545.048
545.044
545.044
545.042
545.042
545.042
545.042
545.042
544.186
544.042
531.177
531.121
531.089
531.055
531.055
531.055
531.055
531.055
531.054
531.054
531.053
531.053
531.052
531.052
531.052
